02 30 30 30 43 30 53 33 
02 30 30 30 43 30 53 33 03 
02 30 30 30 43 30 53 33 03 0d 
02 30 33 34 43 30 
02 30 33 34 43 30 53 
02 30 33 34 43 30 53 33 
02 30 33 34 43 30 53 33 03 
02 30 33 34 43 30 53 33 03 0d 
02 30 36 38 43 30 
02 30 36 38 43 30 53 
02 30 36 38 43 30 53 33 
02 30 36 38 43 30 53 33 03 
02 30 36 38 43 30 53 33 03 0d 
02 30 39 30 43 30 
02 30 39 30 43 30 53 
02 30 39 30 43 30 53 33 
02 30 39 30 43 30 53 33 03 
02 30 39 30 43 30 53 33 03 0d 
02 31 31 35 43 30 
02 31 31 35 43 30 53 
02 31 31 35 43 30 53 33 
02 31 31 35 43 30 53 33 03 
02 31 31 35 43 30 53 33 03 0d 
02 31 33 38 43 30 
02 31 33 38 43 30 53 
02 31 33 38 43 30 53 33 
02 31 33 38 43 30 53 33 03 
02 31 33 38 43 30 53 33 03 0d 
02 31 37 32 43 30 
02 31 37 32 43 30 53 
02 31 37 32 43 30 53 33 
02 31 37 32 43 30 53 33 03 
02 31 37 32 43 30 53 33 03 0d 
02 31 38 30 43 30 
02 31 38 30 43 30 53 
02 31 38 30 43 30 53 33 
02 31 38 30 43 30 53 33 03 
02 31 38 30 43 30 53 33 03 0d 
02 31 38 30 43 30 
02 31 38 30 43 30 53 
02 31 38 30 43 30 53 33 
02 31 38 30 43 30 53 33 03 
02 31 38 30 43 30 53 33 03 0d 
02 31 37 37 43 30 
02 31 37 37 43 30 53 
02 31 37 37 43 30 53 33 
02 31 37 37 43 30 53 33 03 
02 31 37 37 43 30 53 33 03 0d 
02 31 35 34 43 30 
02 31 35 34 43 30 53 
02 31 35 34 43 30 53 33 
02 31 35 34 43 30 53 33 03 
02 31 35 34 43 30 53 33 03 0d 
02 31 35 30 43 30 
02 31 35 30 43 30 53 
02 31 35 30 43 30 53 33 
02 31 35 30 43 30 53 33 03 
02 31 35 30 43 30 53 33 03 0d 
02 31 35 30 43 30 
02 31 35 30 43 30 53 
02 31 35 30 43 30 53 33 
02 31 35 30 43 30 53 33 03 
02 31 35 30 43 30 53 33 03 0d 
02 31 35 30 43 30 
02 31 35 30 43 30 53 
02 31 35 30 43 30 53 33 
02 31 35 30 43 30 53 33 03 
02 31 35 30 43 30 53 33 03 0d 
02 31 34 39 43 30 
02 31 34 39 43 30 53 
02 31 34 39 43 30 53 33 
02 31 34 39 43 30 53 33 03 
02 31 34 39 43 30 53 33 03 0d 
02 31 34 39 43 30 
02 31 34 39 43 30 53 
02 31 34 39 43 30 53 33 
02 31 34 39 43 30 53 33 03 
02 31 34 39 43 30 53 33 03 0d 
02 31 34 39 43 30 
02 31 34 39 43 30 53 
02 31 34 39 43 30 53 33 
02 31 34 39 43 30 53 33 03 
02 31 34 39 43 30 53 33 03 0d 
02 31 34 38 43 30 
02 31 34 38 43 30 53 
02 31 34 38 43 30 53 33 
02 31 34 38 43 30 53 33 03 
02 31 34 38 43 30 53 33 03 0d 
02 31 34 38 43 30 
02 31 34 38 43 30 53 
02 31 34 38 43 30 53 33 
02 31 34 38 43 30 53 33 03 
02 31 34 38 43 30 53 33 03 0d 
02 31 34 39 43 30 
02 31 34 39 43 30 53 
02 31 34 39 43 30 53 33 
02 31 34 39 43 30 53 33 03 
02 31 34 39 43 30 53 33 03 0d 
02 31 34 38 43 30 
02 31 34 38 43 30 53 
02 31 34 38 43 30 53 33 
02 31 34 38 43 30 53 33 03 
02 31 34 38 43 30 53 33 03 0d 
02 31 34 37 43 30 
02 31 34 37 43 30 53 
02 31 34 37 43 30 53 33 
02 31 34 37 43 30 53 33 03 
02 31 34 37 43 30 53 33 03 0d 
02 31 34 32 43 30 
02 31 34 32 43 30 53 
02 31 34 32 43 30 53 33 
02 31 34 32 43 30 53 33 03 
02 31 34 32 43 30 53 33 03 0d 
02 31 33 39 43 30 
02 31 33 39 43 30 53 
02 31 33 39 43 30 53 33 
02 31 33 39 43 30 53 33 03 
02 31 33 39 43 30 53 33 03 0d 
02 31 33 38 43 30 
02 31 33 38 43 30 53 
02 31 33 38 43 30 53 33 
02 31 33 38 43 30 53 33 03 
02 31 33 38 43 30 53 33 03 0d 
02 31 34 30 43 30 
02 31 34 30 43 30 53 
02 31 34 30 43 30 53 33 
02 31 34 30 43 30 53 33 03 
02 31 34 30 43 30 53 33 03 0d 
02 31 34 30 43 30 
02 31 34 30 43 30 53 
02 31 34 30 43 30 53 33 
02 31 34 30 43 30 53 33 03 
02 31 34 30 43 30 53 33 03 0d 
02 31 34 30 43 30 
02 31 34 30 43 30 53 
02 31 34 30 43 30 53 33 
02 31 34 30 43 30 53 33 03 
02 31 34 30 43 30 53 33 03 0d 
02 31 33 39 43 30 
02 31 33 39 43 30 53 
02 31 33 39 43 30 53 33 
02 31 33 39 43 30 53 33 03 
02 31 33 39 43 30 53 33 03 0d 
02 31 33 39 43 30 
02 31 33 39 43 30 53 
02 31 33 39 43 30 53 33 
02 31 33 39 43 30 53 33 03 
02 31 33 39 43 30 53 33 03 0d 
02 31 33 39 43 30 
02 31 33 39 43 30 53 
02 31 33 39 43 30 53 33 
02 31 33 39 43 30 53 33 03 
02 31 33 39 43 30 53 33 03 0d 
02 31 33 37 43 30 
02 31 33 37 43 30 53 
02 31 33 37 43 30 53 33 
02 31 33 37 43 30 53 33 03 
02 31 33 37 43 30 53 33 03 0d 
02 31 33 36 43 30 
02 31 33 36 43 30 53 
02 31 33 36 43 30 53 33 
02 31 33 36 43 30 53 33 03 
02 31 33 36 43 30 53 33 03 0d 
02 31 33 39 43 30 
02 31 33 39 43 30 53 
02 31 33 39 43 30 53 33 
02 31 33 39 43 30 53 33 03 
02 31 33 39 43 30 53 33 03 0d 
02 31 32 36 43 30 
02 31 32 36 43 30 53 
02 31 32 36 43 30 53 33 
02 31 32 36 43 30 53 33 03 
02 31 32 36 43 30 53 33 03 0d 
02 31 32 33 43 30 
02 31 32 33 43 30 53 
02 31 32 33 43 30 53 33 
02 31 32 33 43 30 53 33 03 
02 31 32 33 43 30 53 33 03 0d 
02 31 32 32 43 30 
02 31 32 32 43 30 53 
02 31 32 32 43 30 53 33 
02 31 32 32 43 30 53 33 03 
02 31 32 32 43 30 53 33 03 0d 
02 31 32 35 43 30 
02 31 32 35 43 30 53 
02 31 32 35 43 30 53 33 
02 31 32 35 43 30 53 33 03 
02 31 32 35 43 30 53 33 03 0d 
02 31 32 34 43 30 
02 31 32 34 43 30 53 
02 31 32 34 43 30 53 33 
02 31 32 34 43 30 53 33 03 
02 31 32 34 43 30 53 33 03 0d 
02 31 32 33 43 30 53 
02 31 32 33 43 30 53 33 
02 31 32 33 43 30 53 33 03 
02 31 32 33 43 30 53 33 03 0d 
02 31 32 32 43 30 
02 31 32 32 43 30 53 
02 31 32 32 43 30 53 33 
02 31 32 32 43 30 53 33 03 
02 31 32 32 43 30 53 33 03 0d 
02 31 32 35 43 30 
02 31 32 35 43 30 53 
02 31 32 35 43 30 53 33 
02 31 32 35 43 30 53 33 03 
02 31 32 35 43 30 53 33 03 0d 
02 31 32 34 43 30 
02 31 32 34 43 30 53 
02 31 32 34 43 30 53 33 
02 31 32 34 43 30 53 33 03 
02 31 32 34 43 30 53 33 03 0d 
02 31 32 30 43 30 
02 31 32 30 43 30 53 
02 31 32 30 43 30 53 33 
02 31 32 30 43 30 53 33 03 
02 31 32 30 43 30 53 33 03 0d 
02 31 32 33 43 30 
02 31 32 33 43 30 53 
02 31 32 33 43 30 53 33 
02 31 32 33 43 30 53 33 03 
02 31 32 33 43 30 53 33 03 0d 
02 31 32 31 43 30 
02 31 32 31 43 30 53 
02 31 32 31 43 30 53 33 
02 31 32 31 43 30 53 33 03 
02 31 32 31 43 30 53 33 03 0d 
02 31 30 38 43 30 
02 31 30 38 43 30 53 
02 31 30 38 43 30 53 33 
02 31 30 38 43 30 53 33 03 
02 31 30 38 43 30 53 33 03 0d 
02 31 30 35 43 30 
02 31 30 35 43 30 53 
02 31 30 35 43 30 53 33 
02 31 30 35 43 30 53 33 03 
02 31 30 35 43 30 53 33 03 0d 
02 31 31 31 43 30 
02 31 31 31 43 30 53 
02 31 31 31 43 30 53 33 
02 31 31 31 43 30 53 33 03 
02 31 31 31 43 30 53 33 03 0d 
02 31 31 31 43 30 
02 31 31 31 43 30 53 
02 31 31 31 43 30 53 33 
02 31 31 31 43 30 53 33 03 
02 31 31 31 43 30 53 33 03 0d 
02 31 30 38 43 30 
02 31 30 38 43 30 53 
02 31 30 38 43 30 53 33 
02 31 30 38 43 30 53 33 03 
02 31 30 38 43 30 53 33 03 0d 
02 31 30 34 43 30 
02 31 30 34 43 30 53 
02 31 30 34 43 30 53 33 
02 31 30 34 43 30 53 33 03 
02 31 30 34 43 30 53 33 03 0d 
02 31 31 32 43 30 
02 31 31 32 43 30 53 
02 31 31 32 43 30 53 33 
02 31 31 32 43 30 53 33 03 
02 31 31 32 43 30 53 33 03 0d 
02 31 31 30 43 30 
02 31 31 30 43 30 53 
02 31 31 30 43 30 53 33 
02 31 31 30 43 30 53 33 03 
02 31 31 30 43 30 53 33 03 0d 
02 31 30 37 43 30 
02 31 30 37 43 30 53 
02 31 30 37 43 30 53 33 
02 31 30 37 43 30 53 33 03 
02 31 30 37 43 30 53 33 03 0d 
02 31 30 33 43 30 
02 31 30 33 43 30 53 
02 31 30 33 43 30 53 33 
02 31 30 33 43 30 53 33 03 
02 31 30 33 43 30 53 33 03 0d 
02 31 31 31 43 30 
02 31 31 31 43 30 53 
02 31 31 31 43 30 53 33 
02 31 31 31 43 30 53 33 03 
02 31 31 31 43 30 53 33 03 0d 
02 30 39 36 43 30 
02 30 39 36 43 30 53 
02 30 39 36 43 30 53 33 
02 30 39 36 43 30 53 33 03 
02 30 39 36 43 30 53 33 03 0d 
02 30 39 30 43 30 
02 30 39 30 43 30 53 
02 30 39 30 43 30 53 33 
02 30 39 30 43 30 53 33 03 
02 30 39 30 43 30 53 33 03 0d 
02 30 39 32 43 30 
02 30 39 32 43 30 53 
02 30 39 32 43 30 53 33 
02 30 39 32 43 30 53 33 03 
02 30 39 32 43 30 53 33 03 0d 
02 30 39 37 43 30 
02 30 39 37 43 30 53 
02 30 39 37 43 30 53 33 
02 30 39 37 43 30 53 33 03 
02 30 39 37 43 30 53 33 03 0d 
02 30 39 32 43 30 
02 30 39 32 43 30 53 
02 30 39 32 43 30 53 33 
02 30 39 32 43 30 53 33 03 
02 30 39 32 43 30 53 33 03 0d 
02 30 38 39 43 30 
02 30 38 39 43 30 53 
02 30 38 39 43 30 53 33 
02 30 38 39 43 30 53 33 03 
02 30 38 39 43 30 53 33 03 0d 
02 30 39 35 43 30 
02 30 39 35 43 30 53 
02 30 39 35 43 30 53 33 
02 30 39 35 43 30 53 33 03 
02 30 39 35 43 30 53 33 03 0d 
02 30 39 34 43 30 
02 30 39 34 43 30 53 
02 30 39 34 43 30 53 33 
02 30 39 34 43 30 53 33 03 
02 30 39 34 43 30 53 33 03 0d 
02 30 39 30 43 30 
02 30 39 30 43 30 53 
02 30 39 30 43 30 53 33 
02 30 39 30 43 30 53 33 03 
02 30 39 30 43 30 53 33 03 0d 
02 30 38 38 43 30 
02 30 38 38 43 30 53 
02 30 38 38 43 30 53 33 
02 30 38 38 43 30 53 33 03 
02 30 38 38 43 30 53 33 03 0d 
02 30 39 34 43 30 
02 30 39 34 43 30 53 
02 30 39 34 43 30 53 33 
02 30 39 34 43 30 53 33 03 
02 30 39 34 43 30 53 33 03 0d 
02 30 38 31 43 30 
02 30 38 31 43 30 53 
02 30 38 31 43 30 53 33 
02 30 38 31 43 30 53 33 03 
02 30 38 31 43 30 53 33 03 0d 
02 30 37 35 43 30 
02 30 37 35 43 30 53 
02 30 37 35 43 30 53 33 
02 30 37 35 43 30 53 33 03 
02 30 37 35 43 30 53 33 03 0d 
02 30 37 34 43 30 
02 30 37 34 43 30 53 
02 30 37 34 43 30 53 33 
02 30 37 34 43 30 53 33 03 
02 30 37 34 43 30 53 33 03 0d 
02 30 37 36 43 30 
02 30 37 36 43 30 53 
02 30 37 36 43 30 53 33 
02 30 37 36 43 30 53 33 03 
02 30 37 36 43 30 53 33 03 0d 
02 30 37 34 43 30 
02 30 37 34 43 30 53 
02 30 37 34 43 30 53 33 
02 30 37 34 43 30 53 33 03 
02 30 37 34 43 30 53 33 03 0d 
02 30 37 32 43 30 
02 30 37 32 43 30 53 
02 30 37 32 43 30 53 33 
02 30 37 32 43 30 53 33 03 
02 30 37 32 43 30 53 33 03 0d 
02 30 37 34 43 30 
02 30 37 34 43 30 53 
02 30 37 34 43 30 53 33 
02 30 37 34 43 30 53 33 03 
02 30 37 34 43 30 53 33 03 0d 
02 30 37 34 43 30 
02 30 37 34 43 30 53 
02 30 37 34 43 30 53 33 
02 30 37 34 43 30 53 33 03 
02 30 37 34 43 30 53 33 03 0d 
02 30 37 32 43 30 
02 30 37 32 43 30 53 
02 30 37 32 43 30 53 33 
02 30 37 32 43 30 53 33 03 
02 30 37 32 43 30 53 33 03 0d 
02 30 37 30 43 30 
02 30 37 30 43 30 53 
02 30 37 30 43 30 53 33 
02 30 37 30 43 30 53 33 03 
02 30 37 30 43 30 53 33 03 0d 
02 30 37 33 43 30 
02 30 37 33 43 30 53 
02 30 37 33 43 30 53 33 
02 30 37 33 43 30 53 33 03 
02 30 37 33 43 30 53 33 03 0d 
02 30 36 36 43 30 
02 30 36 36 43 30 53 
02 30 36 36 43 30 53 33 
02 30 36 36 43 30 53 33 03 
02 30 36 36 43 30 53 33 03 0d 
02 30 36 31 43 30 
02 30 36 31 43 30 53 
02 30 36 31 43 30 53 33 
02 30 36 31 43 30 53 33 03 
02 30 36 31 43 30 53 33 03 0d 
02 30 35 39 43 30 
02 30 35 39 43 30 53 
02 30 35 39 43 30 53 33 
02 30 35 39 43 30 53 33 03 
02 30 35 39 43 30 53 33 03 0d 
02 30 36 32 43 30 
02 30 36 32 43 30 53 
02 30 36 32 43 30 53 33 
02 30 36 32 43 30 53 33 03 
02 30 36 32 43 30 53 33 03 0d 
02 30 36 30 43 30 
02 30 36 30 43 30 53 33 
02 30 36 30 43 30 53 33 03 
02 30 36 30 43 30 53 33 03 0d 
02 30 35 39 43 30 
02 30 35 39 43 30 53 
02 30 35 39 43 30 53 33 
02 30 35 39 43 30 53 33 03 0d 
02 30 35 38 43 30 
02 30 35 38 43 30 53 
02 30 35 38 43 30 53 33 
02 30 35 38 43 30 53 33 03 
02 30 35 38 43 30 53 33 03 0d 
02 30 36 30 43 30 
02 30 36 30 43 30 53 
02 30 36 30 43 30 53 33 
02 30 36 30 43 30 53 33 03 
02 30 36 30 43 30 53 33 03 0d 
02 30 35 38 43 30 
02 30 35 38 43 30 53 
02 30 35 38 43 30 53 33 
02 30 35 38 43 30 53 33 03 
02 30 35 38 43 30 53 33 03 0d 
02 30 35 36 43 30 
02 30 35 36 43 30 53 
02 30 35 36 43 30 53 33 
02 30 35 36 43 30 53 33 03 
02 30 35 36 43 30 53 33 03 0d 
02 30 35 37 43 30 
02 30 35 37 43 30 53 
02 30 35 37 43 30 53 33 
02 30 35 37 43 30 53 33 03 
02 30 35 37 43 30 53 33 03 0d 
02 39 39 39 03 0d 

02 53 30 3b 41 30 
02 53 30 3b 41 30 3b 
02 53 30 3b 41 30 3b 43 
02 53 30 3b 41 30 3b 43 30 
02 53 30 3b 41 30 3b 43 30 30 
02 53 30 3b 41 30 3b 43 30 30 3b 
02 53 30 3b 41 30 3b 43 30 30 3b 4d 
02 53 30 3b 41 30 3b 43 30 30 3b 4d 30 
02 53 30 3b 41 30 3b 43 30 30 3b 4d 30 30 
02 53 30 3b 41 30 3b 43 30 30 3b 4d 30 30 3b 
02 53 30 3b 41 30 3b 43 30 30 3b 4d 30 30 3b 50 
02 53 30 3b 41 30 3b 43 30 30 3b 4d 30 30 3b 50 31 
02 53 30 3b 41 30 3b 43 30 30 3b 4d 30 30 3b 50 31 32 
02 53 30 3b 41 30 3b 43 30 30 3b 4d 30 30 3b 50 31 32 35 
02 53 30 3b 41 30 3b 43 30 30 3b 4d 30 30 3b 50 31 32 35 30 
02 53 30 3b 41 30 3b 43 30 30 3b 4d 30 30 3b 50 31 32 35 30 38 
02 53 30 3b 41 30 3b 43 30 30 3b 4d 30 30 3b 50 31 32 35 30 38 30 
02 53 30 3b 41 30 3b 43 30 30 3b 4d 30 30 3b 50 31 32 35 30 38 30 31 
02 53 30 3b 41 30 3b 43 30 30 3b 4d 30 30 3b 50 31 32 35 30 38 30 31 30 
02 53 30 3b 41 30 3b 43 30 30 3b 4d 30 30 3b 50 31 32 35 30 38 30 31 30 30 
02 53 30 3b 41 30 3b 43 30 30 3b 4d 30 30 3b 50 31 32 35 30 38 30 31 30 30 3b 
02 53 30 3b 41 30 3b 43 30 30 3b 4d 30 30 3b 50 31 32 35 30 38 30 31 30 30 3b 52 
02 53 30 3b 41 30 3b 43 30 30 3b 4d 30 30 3b 50 31 32 35 30 38 30 31 30 30 3b 52 30 
02 53 30 3b 41 30 3b 43 30 30 3b 4d 30 30 3b 50 31 32 35 30 38 30 31 30 30 3b 52 30 38 
02 53 30 3b 41 30 3b 43 30 30 3b 4d 30 30 3b 50 31 32 35 30 38 30 31 30 30 3b 52 30 38 30 
02 53 30 3b 41 30 3b 43 30 30 3b 4d 30 30 3b 50 31 32 35 30 38 30 31 30 30 3b 52 30 38 30 3b 
02 53 30 3b 41 30 3b 43 30 30 3b 4d 30 30 3b 50 31 32 35 30 38 30 31 30 30 3b 52 30 38 30 3b 54 
02 53 30 3b 41 30 3b 43 30 30 3b 4d 30 30 3b 50 31 32 35 30 38 30 31 30 30 3b 52 30 38 30 3b 54 30 
02 53 30 3b 41 30 3b 43 30 30 3b 4d 30 30 3b 50 31 32 35 30 38 30 31 30 30 3b 52 30 38 30 3b 54 30 30 
02 53 30 3b 41 30 3b 43 30 30 3b 4d 30 30 3b 50 31 32 35 30 38 30 31 30 30 3b 52 30 38 30 3b 54 30 30 31 
02 53 30 3b 41 30 3b 43 30 30 3b 4d 30 30 3b 50 31 32 35 30 38 30 31 30 30 3b 52 30 38 30 3b 54 30 30 31 38 
02 53 30 3b 41 30 3b 43 30 30 3b 4d 30 30 3b 50 31 32 35 30 38 30 31 30 30 3b 52 30 38 30 3b 54 30 30 31 38 3b 
02 53 30 3b 41 30 3b 43 30 30 3b 4d 30 30 3b 50 31 32 35 30 38 30 31 30 30 3b 52 30 38 30 3b 54 30 30 31 38 3b 3b 
02 53 30 3b 41 30 3b 43 30 30 3b 4d 30 30 3b 50 31 32 35 30 38 30 31 30 30 3b 52 30 38 30 3b 54 30 30 31 38 3b 3b 61 
02 53 30 3b 41 30 3b 43 30 30 3b 4d 30 30 3b 50 31 32 35 30 38 30 31 30 30 3b 52 30 38 30 3b 54 30 30 31 38 3b 3b 61 60 
02 53 30 3b 41 30 3b 43 30 30 3b 4d 30 30 3b 50 31 32 35 30 38 30 31 30 30 3b 52 30 38 30 3b 54 30 30 31 38 3b 3b 61 60 03 
02 53 30 3b 41 30 3b 43 30 30 3b 4d 30 30 3b 50 31 32 35 30 38 30 31 30 30 3b 52 30 38 30 3b 54 30 30 31 38 3b 3b 61 60 03 0d 

