02 30 30 33 43 30 02 30 30 33 43 30 53 02 30 30 33 43 30 53 33 02 30 30 33 43 30 53 33 03 02 30 30 33 43 30 53 33 03 0d 02 30 33 36 43 30 02 30 33 36 43 30 53 02 30 33 36 43 30 53 33 02 30 33 36 43 30  53 33 03 02 30 33 36 43 30 53 33 03 0d 02 30 37 33 43 30 02 30 37 33 43 30 53 02 30 37 33 43 30 53 33 02 30 37 33 43 30 53 33 03 02 30 37 33 43 30 53 33 03 0d 02 31 30 32 43 30 02 31 30 32 43 30 53 
02 31 30 32 43 30 53 33 02 31 30 32 43 30 53 33 03 02 31 30 32 43 30 53 33 03 0d 02 31 32 36 43 30 02 31 32 36 43 30 53 02 31 32 36 43 30 53 33 02 31 32 36 43 30 53 33 03 02 31 32 36 43 30 53 33 03 0d 
02 31 34 37 43 30 02 31 34 37 43 30 53 02 31 34 37 43 30 53 33 02 31 34 37 43 30 53 33 03 02 31 34 37 43 30 53 33 03 0d 02 31 37 38 43 30 02 31 37 38 43 30 53 02 31 37 38 43 30 53 33 02 31 37 38 43 30  53 33 03 02 31 37 38 43 30 53 33 03 0d 02 31 37 39 43 30 02 31 37 39 43 30 53 02 31 37 39 43 30 53 33 02 31 37 39 43 30 53 33 03 02 31 37 39 43 30 53 33 03 0d 02 31 37 39 43 30 02 31 37 39 43 30 53 02  31 37 39 43 30 53 33 02 31 37 39 43 30 53 33 03 02 31 37 39 43 30 53 33 03 0d 02 31 37 38 43 30 02 31 37 38 43 30 53 02 31 37 38 43 30 53 33 02 31 37 38 43 30 53 33 03 02 31 37 38 43 30 53 33 03 0d 
02 31 35 32 43 30 02 31 35 32 43 30 53 02 31 35 32 43 30 53 33 02 31 35 32 43 30 53 33 03 02 31 35 32 43 30 53 33 03 0d 02 31 35 31 43 30 02 31 35 31 43 30 53 02 31 35 31 43 30 53 33 02 31 35 31 43 30  53 33 03 02 31 35 31 43 30 53 33 03 0d 02 31 35 31 43 30 02 31 35 31 43 30 53 02 31 35 31 43 30 53 33 02 31 35 31 43 30 53 33 03 02 31 35 31 43 30 53 33 03 0d 02 31 35 30 43 30 02 31 35 30 43 30 53 
02 31 35 30 43 30 53 33 02 31 35 30 43 30 53 33 03 02 31 35 30 43 30 53 33 03 0d 02 31 35 30 43 30 02 31 35 30 43 30 53 02 31 35 30 43 30 53 33 02 31 35 30 43 30 53 33 03 02 31 35 30 43 30 53 33 03 0d  02 31 35 30 43 30 02 31 35 30 43 30 53 02 31 35 30 43 30 53 33 02 31 35 30 43 30 53 33 03 02 31 35 30 43 30 53 33 03 0d 02 31 34 39 43 30 02 31 34 39 43 30 53 02 31 34 39 43 30 53 33 02 31 34 39 43 30  53 33 03 02 31 34 39 43 30 53 33 03 0d 02 31 34 39 43 30 02 31 34 39 43 30 53 02 31 34 39 43 30 53 33 02 31 34 39 43 30 53 33 03 02 31 34 39 43 30 53 33 03 0d 02 31 34 39 43 30 02 31 34 39 43 30 53 
02 31 34 39 43 30 53 33 03 02 31 34 39 43 30 53 33 03 0d 02 31 34 38 43 30 02 31 34 38 43 30 53 02 31 34 38 43 30 53 33 02 31 34 38 43 30 53 33 03 02 31 34 38 43 30 53 33 03 0d 02 31 34 38 43 30 
02 31 34 38 43 30 53 02 31 34 38 43 30 53 33 02 31 34 38 43 30 53 33 03 02 31 34 38 43 30 53 33 03 0d 02 31 34 38 43 30 02 31 34 38 43 30 53 02 31 34 38 43 30 53 33 02 31 34 38 43 30 53 33 03 
02 31 34 38 43 30 53 33 03 0d 02 31 34 34 43 30 02 31 34 34 43 30 53 02 31 34 34 43 30 53 33 02 31 34 34 43 30 53 33 03 02 31 34 34 43 30 53 33 03 0d 02 31 33 38 43 30 02 31 33 38 43 30 53 
02 31 33 38 43 30 53 33 02 31 33 38 43 30 53 33 03 02 31 33 38 43 30 53 33 03 0d 02 31 34 30 43 30 02 31 34 30 43 30 53 02 31 34 30 43 30 53 33 02 31 34 30 43 30 53 33 03 02 31 34 30 43 30 53 33 03 0d 
02 31 33 39 43 30 02 31 33 39 43 30 53 02 31 33 39 43 30 53 33 02 31 33 39 43 30 53 33 03 02 31 33 39 43 30 53 33 03 0d 02 31 33 38 43 30 02 31 33 38 43 30 53 02 31 33 38 43 30 53 33 
02 31 33 38 43 30 53 33 03 02 31 33 38 43 30 53 33 03 0d 02 31 33 37 43 30 02 31 33 37 43 30 53 02 31 33 37 43 30 53 33 02 31 33 37 43 30 53 33 03 02 31 33 37 43 30 53 33 03 0d 02 31 34 30 43 30 
02 31 34 30 43 30 53 02 31 34 30 43 30 53 33 02 31 34 30 43 30 53 33 03 02 31 34 30 43 30 53 33 03 0d 02 31 33 38 43 30 02 31 33 38 43 30 53 02 31 33 38 43 30 53 33 02 31 33 38 43 30 53 33 03 
02 31 33 38 43 30 53 33 03 0d 02 31 33 37 43 30 02 31 33 37 43 30 53 02 31 33 37 43 30 53 33 02 31 33 37 43 30 53 33 03 02 31 33 37 43 30 53 33 03 0d 02 31 33 36 43 30 02 31 33 36 43 30 53 
02 31 33 36 43 30 53 33 02 31 33 36 43 30 53 33 03 02 31 33 36 43 30 53 33 03 0d 02 31 33 39 43 30 02 31 33 39 43 30 53 02 31 33 39 43 30 53 33 02 31 33 39 43 30 53 33 03 02 31 33 39 43 30 53 33 03 0d 
02 31 32 33 43 30 02 31 32 33 43 30 53 02 31 32 33 43 30 53 33 02 31 32 33 43 30 53 33 03 02 31 32 33 43 30 53 33 03 0d 02 31 32 30 43 30 02 31 32 30 43 30 53 02 31 32 30 43 30 53 33 
02 31 32 30 43 30 53 33 03 02 31 32 30 43 30 53 33 03 0d 02 31 32 32 43 30 02 31 32 32 43 30 53 02 31 32 32 43 30 53 33 02 31 32 32 43 30 53 33 03 02 31 32 32 43 30 53 33 03 0d 02 31 32 35 43 30 
02 31 32 35 43 30 53 02 31 32 35 43 30 53 33 02 31 32 35 43 30 53 33 03 02 31 32 35 43 30 53 33 03 0d 02 31 32 32 43 30 02 31 32 32 43 30 53 02 31 32 32 43 30 53 33 02 31 32 32 43 30 53 33 03 
02 31 32 32 43 30 53 33 03 0d 02 31 32 31 43 30 02 31 32 31 43 30 53 02 31 32 31 43 30 53 33 02 31 32 31 43 30 53 33 03 02 31 32 31 43 30 53 33 03 0d 02 31 32 34 43 30 02 31 32 34 43 30 53 
02 31 32 34 43 30 53 33 02 31 32 34 43 30 53 33 03 02 31 32 34 43 30 53 33 03 0d 02 31 32 34 43 30 02 31 32 34 43 30 53 02 31 32 34 43 30 53 33 02 31 32 34 43 30 53 33 03 02 31 32 34 43 30 53 33 03 0d 
02 31 32 32 43 30 02 31 32 32 43 30 53 02 31 32 32 43 30 53 33 02 31 32 32 43 30 53 33 03 02 31 32 32 43 30 53 33 03 0d 02 31 31 39 43 30 02 31 31 39 43 30 53 02 31 31 39 43 30 53 33 
02 31 31 39 43 30 53 33 03 02 31 31 39 43 30 53 33 03 0d 02 31 32 34 43 30 02 31 32 34 43 30 53 02 31 32 34 43 30 53 33 02 31 32 34 43 30 53 33 03 02 31 32 34 43 30 53 33 03 0d 02 31 31 30 43 30 
02 31 31 30 43 30 53 02 31 31 30 43 30 53 33 02 31 31 30 43 30 53 33 03 02 31 31 30 43 30 53 33 03 0d 02 31 30 35 43 30 02 31 30 35 43 30 53 02 31 30 35 43 30 53 33 02 31 30 35 43 30 53 33 03 
02 31 30 35 43 30 53 33 03 0d 02 31 30 34 43 30 02 31 30 34 43 30 53 02 31 30 34 43 30 53 33 02 31 30 34 43 30 53 33 03 02 31 30 34 43 30 53 33 03 0d 02 31 31 32 43 30 02 31 31 32 43 30 53 
02 31 31 32 43 30 53 33 02 31 31 32 43 30 53 33 03 02 31 31 32 43 30 53 33 03 0d 02 31 30 38 43 30 02 31 30 38 43 30 53 02 31 30 38 43 30 53 33 02 31 30 38 43 30 53 33 03 02 31 30 38 43 30 53 33 03 0d 
02 31 30 34 43 30 02 31 30 34 43 30 53 02 31 30 34 43 30 53 33 02 31 30 34 43 30 53 33 03 02 31 30 34 43 30 53 33 03 0d 02 31 30 34 43 30 02 31 30 34 43 30 53 02 31 30 34 43 30 53 33 
02 31 30 34 43 30 53 33 03 02 31 30 34 43 30 53 33 03 0d 02 31 31 31 43 30 02 31 31 31 43 30 53 02 31 31 31 43 30 53 33 02 31 31 31 43 30 53 33 03 02 31 31 31 43 30 53 33 03 0d 02 31 30 37 43 30 
02 31 30 37 43 30 53 02 31 30 37 43 30 53 33 02 31 30 37 43 30 53 33 03 02 31 30 37 43 30 53 33 03 0d 02 31 30 32 43 30 02 31 30 32 43 30 53 02 31 30 32 43 30 53 33 02 31 30 32 43 30 53 33 03 
02 31 30 32 43 30 53 33 03 0d 02 31 30 37 43 30 02 31 30 37 43 30 53 02 31 30 37 43 30 53 33 02 31 30 37 43 30 53 33 03 02 31 30 37 43 30 53 33 03 0d 02 31 30 39 43 30 02 31 30 39 43 30 53 
02 31 30 39 43 30 53 33 02 31 30 39 43 30 53 33 03 02 31 30 39 43 30 53 33 03 0d 02 30 39 30 43 30 02 30 39 30 43 30 53 02 30 39 30 43 30 53 33 02 30 39 30 43 30 53 33 03 02 30 39 30 43 30 53 33 03 0d 
02 30 38 37 43 30 02 30 38 37 43 30 53 02 30 38 37 43 30 53 33 02 30 38 37 43 30 53 33 03 02 30 38 37 43 30 53 33 03 0d 02 30 39 33 43 30 02 30 39 33 43 30 53 02 30 39 33 43 30 53 33 
02 30 39 33 43 30 53 33 03 02 30 39 33 43 30 53 33 03 0d 02 30 39 31 43 30 02 30 39 31 43 30 53 02 30 39 31 43 30 53 33 02 30 39 31 43 30 53 33 03 02 30 39 31 43 30 53 33 03 0d 02 30 38 39 43 30 
02 30 38 39 43 30 53 02 30 38 39 43 30 53 33 02 30 38 39 43 30 53 33 03 02 30 38 39 43 30 53 33 03 0d 02 30 38 36 43 30 02 30 38 36 43 30 53 02 30 38 36 43 30 53 33 02 30 38 36 43 30 53 33 03 
02 30 38 36 43 30 53 33 03 0d 02 30 39 32 43 30 02 30 39 32 43 30 53 02 30 39 32 43 30 53 33 02 30 39 32 43 30 53 33 03 02 30 39 32 43 30 53 33 03 0d 02 30 38 39 43 30 02 30 38 39 43 30 53 
02 30 38 39 43 30 53 33 02 30 38 39 43 30 53 33 03 02 30 38 39 43 30 53 33 03 0d 02 30 38 37 43 30 02 30 38 37 43 30 53 02 30 38 37 43 30 53 33 02 30 38 37 43 30 53 33 03 02 30 38 37 43 30 53 33 03 0d 
02 30 38 37 43 30 02 30 38 37 43 30 53 02 30 38 37 43 30 53 33 02 30 38 37 43 30 53 33 03 02 30 38 37 43 30 53 33 03 0d 02 30 39 30 43 30 02 30 39 30 43 30 53 02 30 39 30 43 30 53 33 
02 30 39 30 43 30 53 33 03 02 30 39 30 43 30 53 33 03 0d 02 30 37 33 43 30 02 30 37 33 43 30 53 02 30 37 33 43 30 53 33 02 30 37 33 43 30 53 33 03 02 30 37 33 43 30 53 33 03 0d 02 30 37 31 43 30 
02 30 37 31 43 30 53 02 30 37 31 43 30 53 33 02 30 37 31 43 30 53 33 03 02 30 37 31 43 30 53 33 03 0d 02 30 37 33 43 30 02 30 37 33 43 30 53 02 30 37 33 43 30 53 33 02 30 37 33 43 30 53 33 03 
02 30 37 33 43 30 53 33 03 0d 02 30 37 33 43 30 02 30 37 33 43 30 53 02 30 37 33 43 30 53 33 02 30 37 33 43 30 53 33 03 02 30 37 33 43 30 53 33 03 0d 02 30 37 31 43 30 02 30 37 31 43 30 53 
02 30 37 31 43 30 53 33 02 30 37 31 43 30 53 33 03 02 30 37 31 43 30 53 33 03 0d 02 30 36 38 43 30 02 30 36 38 43 30 53 02 30 36 38 43 30 53 33 02 30 36 38 43 30 53 33 03 02 30 36 38 43 30 53 33 03 0d 
02 30 37 31 43 30 02 30 37 31 43 30 53 02 30 37 31 43 30 53 33 02 30 37 31 43 30 53 33 03 02 30 37 31 43 30 53 33 03 0d 02 30 37 30 43 30 02 30 37 30 43 30 53 02 30 37 30 43 30 53 33 
02 30 37 30 43 30 53 33 03 02 30 37 30 43 30 53 33 03 0d 02 30 36 38 43 30 02 30 36 38 43 30 53 02 30 36 38 43 30 53 33 02 30 36 38 43 30 53 33 03 02 30 36 38 43 30 53 33 03 0d 02 30 36 37 43 30 
02 30 36 37 43 30 53 02 30 36 37 43 30 53 33 02 30 36 37 43 30 53 33 03 02 30 36 37 43 30 53 33 03 0d 02 30 37 31 43 30 02 30 37 31 43 30 53 02 30 37 31 43 30 53 33 02 30 37 31 43 30 53 33 03 
02 30 37 31 43 30 53 33 03 0d 02 30 35 39 43 30 02 30 35 39 43 30 53 02 30 35 39 43 30 53 33 02 30 35 39 43 30 53 33 03 02 30 35 39 43 30 53 33 03 0d 02 30 35 37 43 30 02 30 35 37 43 30 53 
02 30 35 37 43 30 53 33 02 30 35 37 43 30 53 33 03 02 30 35 37 43 30 53 33 03 0d 02 30 35 37 43 30 02 30 35 37 43 30 53 02 30 35 37 43 30 53 33 02 30 35 37 43 30 53 33 03 02 30 35 37 43 30 53 33 03 0d 
02 30 35 38 43 30 02 30 35 38 43 30 53 02 30 35 38 43 30 53 33 02 30 35 38 43 30 53 33 03 02 30 35 38 43 30 53 33 03 0d 02 30 35 36 43 30 02 30 35 36 43 30 53 02 30 35 36 43 30 53 33 
02 30 35 36 43 30 53 33 03 02 30 35 36 43 30 53 33 03 0d 02 30 35 34 43 30 02 30 35 34 43 30 53 02 30 35 34 43 30 53 33 02 30 35 34 43 30 53 33 03 02 30 35 34 43 30 53 33 03 0d 02 30 35 37 43 30 
02 30 35 37 43 30 53 02 30 35 37 43 30 53 33 02 30 35 37 43 30 53 33 03 02 30 35 37 43 30 53 33 03 0d 02 30 35 35 43 30 02 30 35 35 43 30 53 02 30 35 35 43 30 53 33 02 30 35 35 43 30 53 33 03 
02 30 35 35 43 30 53 33 03 0d 02 30 35 33 43 30 02 30 35 33 43 30 53 02 30 35 33 43 30 53 33 02 30 35 33 43 30 53 33 03 02 30 35 33 43 30 53 33 03 0d 02 30 35 33 43 30 02 30 35 33 43 30 53 
02 30 35 33 43 30 53 33 02 30 35 33 43 30 53 33 03 02 30 35 33 43 30 53 33 03 0d 02 30 35 35 43 30 02 30 35 35 43 30 53 02 30 35 35 43 30 53 33 02 30 35 35 43 30 53 33 03 02 30 35 35 43 30 53 33 03 0d 
02 39 39 39 03 0d 02 53 30 3b 41 30 02 53 30 3b 41 30 3b 02 53 30 3b 41 30 3b 43 02 53 30 3b 41 30 3b 43 30 02 53 30 3b 41 30 3b 43 30 30 02 53 30 3b 41 30 3b 43 30 30 3b 
02 53 30 3b 41 30 3b 43 30 30 3b 4d 02 53 30 3b 41 30 3b 43 30 30 3b 4d 30 02 53 30 3b 41 30 3b 43 30 30 3b 4d 30 30 02 53 30 3b 41 30 3b 43 30 30 3b 4d 30 30 3b 
02 53 30 3b 41 30 3b 43 30 30 3b 4d 30 30 3b 50 02 53 30 3b 41 30 3b 43 30 30 3b 4d 30 30 3b 50 31 02 53 30 3b 41 30 3b 43 30 30 3b 4d 30 30 3b 50 31 32 
02 53 30 3b 41 30 3b 43 30 30 3b 4d 30 30 3b 50 31 32 37 
02 53 30 3b 41 30 3b 43 30 30 3b 4d 30 30 3b 50 31 32 37 30 
02 53 30 3b 41 30 3b 43 30 30 3b 4d 30 30 3b 50 31 32 37 30 38 
02 53 30 3b 41 30 3b 43 30 30 3b 4d 30 30 3b 50 31 32 37 30 38 30 
02 53 30 3b 41 30 3b 43 30 30 3b 4d 30 30 3b 50 31 32 37 30 38 30 31 
02 53 30 3b 41 30 3b 43 30 30 3b 4d 30 30 3b 50 31 32 37 30 38 30 31 30 
02 53 30 3b 41 30 3b 43 30 30 3b 4d 30 30 3b 50 31 32 37 30 38 30 31 30 30 
02 53 30 3b 41 30 3b 43 30 30 3b 4d 30 30 3b 50 31 32 37 30 38 30 31 30 30 3b 
02 53 30 3b 41 30 3b 43 30 30 3b 4d 30 30 3b 50 31 32 37 30 38 30 31 30 30 3b 52 
02 53 30 3b 41 30 3b 43 30 30 3b 4d 30 30 3b 50 31 32 37 30 38 30 31 30 30 3b 52 30 
02 53 30 3b 41 30 3b 43 30 30 3b 4d 30 30 3b 50 31 32 37 30 38 30 31 30 30 3b 52 30 38 
02 53 30 3b 41 30 3b 43 30 30 3b 4d 30 30 3b 50 31 32 37 30 38 30 31 30 30 3b 52 30 38 30 
02 53 30 3b 41 30 3b 43 30 30 3b 4d 30 30 3b 50 31 32 37 30 38 30 31 30 30 3b 52 30 38 30 3b 
02 53 30 3b 41 30 3b 43 30 30 3b 4d 30 30 3b 50 31 32 37 30 38 30 31 30 30 3b 52 30 38 30 3b 54 
02 53 30 3b 41 30 3b 43 30 30 3b 4d 30 30 3b 50 31 32 37 30 38 30 31 30 30 3b 52 30 38 30 3b 54 30 
02 53 30 3b 41 30 3b 43 30 30 3b 4d 30 30 3b 50 31 32 37 30 38 30 31 30 30 3b 52 30 38 30 3b 54 30 30 
02 53 30 3b 41 30 3b 43 30 30 3b 4d 30 30 3b 50 31 32 37 30 38 30 31 30 30 3b 52 30 38 30 3b 54 30 30 31 
02 53 30 3b 41 30 3b 43 30 30 3b 4d 30 30 3b 50 31 32 37 30 38 30 31 30 30 3b 52 30 38 30 3b 54 30 30 31 38 
02 53 30 3b 41 30 3b 43 30 30 3b 4d 30 30 3b 50 31 32 37 30 38 30 31 30 30 3b 52 30 38 30 3b 54 30 30 31 38 3b 
02 53 30 3b 41 30 3b 43 30 30 3b 4d 30 30 3b 50 31 32 37 30 38 30 31 30 30 3b 52 30 38 30 3b 54 30 30 31 38 3b 3b 
02 53 30 3b 41 30 3b 43 30 30 3b 4d 30 30 3b 50 31 32 37 30 38 30 31 30 30 3b 52 30 38 30 3b 54 30 30 31 38 3b 3b 61 
02 53 30 3b 41 30 3b 43 30 30 3b 4d 30 30 3b 50 31 32 37 30 38 30 31 30 30 3b 52 30 38 30 3b 54 30 30 31 38 3b 3b 61 62 
02 53 30 3b 41 30 3b 43 30 30 3b 4d 30 30 3b 50 31 32 37 30 38 30 31 30 30 3b 52 30 38 30 3b 54 30 30 31 38 3b 3b 61 62 03 
02 53 30 3b 41 30 3b 43 30 30 3b 4d 30 30 3b 50 31 32 37 30 38 30 31 30 30 3b 52 30 38 30 3b 54 30 30 31 38 3b 3b 61 62 03 0d 02 53 30 3b 41 30 3b 43 30 30 3b 4d 30 30 3b 50 31 32 37 30 38 30 31 30 30 3b 52 30 38 30 3b 54 30 30 31 38 3b 3b 61 62 03 0d 02 53 30 3b 41 30 3b 43 30 30 3b 4d 30 30 3b 50 31 32 37 30 38 30 31 30 30 3b 52 30 38 30 3b 54 30 30 31 38 3b 3b 61 62 03 0d 
